= PD 3 =
0, [0, -4]
10, [-13, -17]
20, [-34, -38]
30, [-73, -76]
40, [-105, -109]
50, [-271, -275]
60, [-515, -520]
70, [-8000, -8095]
80, [-11954, -11959]
90, [-11924, -11928]
100, [-11950, -11954]
110, [-11968, -11972]
120, [-1248, -1258]
130, [-373, -376]
140, [-153, -158]
150, [-87, -90]
160, [-49, -52]
170, [-20, -24]
180, [-2, -6]

= PD 4 =
0, [0, 3]
10, [5, 8]
20, [10, 13]
30, [20, 23]
40, [85, 88]
50, [248, 251]
60, [2679, 2690]
70, [11942, 11947]
80, [11960, 11963]
90, [11933, 11937]
100, [11964, 11967]
110, [5240, 5300]
120, [191, 193]
130, [99, 103]
140, [25, 27]
150, [20, 23]
160, [13, 15]
170, [7, 10]
180, [0, 2]
